5598c14e7fc526ba698b4d94	983daa87e658a085852b2066a6dd6b27f8c356d6	45637497268,45637690238
559dbc927f8b9a190e8b5911	86a958598f4b9b236984e5af24b22483e39f4d75,86a958598f4b9b236984e5af24b22483e39f4d75	44399918861,45312238218,39803279550,18903821156,38881801286,44524273621,520437234616
55a1bde782dc0f804d8b525a	4b17ecc6bf48c153155954150ac090335abf1df9	42884477960,16294914276
55a7ba417f8b9af2608b4ebf	03b28a20a7b50c4d0a12fb319d60da9e3d5e4d42	21691291961,43552291227
559b540b7f8b9a3b0e8b4902	be37d6f5fb8269cab50fccce029c732387de67c8	520245182521,16796880202
5599dc037f8b9ade348b6ddb	45d65c45d97bfee01733c8d94c6639896b65ac17	14117345877,14105933461,19157233612,10701667950,12469147456,24159748194,17167475520,520227242063,15363082975,10722264456,38443582512
559b34297f8b9aa80d8b4737	788e80b996c7758bb5ab2533f66de0c43edc7bf5	43665716349,40985671150
559cc9ca7fc52699258b564d	c947f7fa035d052c6c46cef1bf94dff9c078b203	44965808208,44524993897,44653029982,21769931266,44220260279,45398703950,44530776156,44247321522,39504075509,44138843022,44165722924,44465521424,7863244640,44539662325,19156961358
559a4ea87fc526866c8b65ad	3648703f5e445e7252bc11eb1e852d649d4beebd	42320958212,42422798231,44628302797,39935681626
5599dd1282dc0f832f8b6b7d	2271f3e0db22c54a7ef4ed7d4a0d1ec170823600,2271f3e0db22c54a7ef4ed7d4a0d1ec170823600,2271f3e0db22c54a7ef4ed7d4a0d1ec170823600,2271f3e0db22c54a7ef4ed7d4a0d1ec170823600	520397515472,43929282935,45231895245,38803112612,12892885872,15759226565,36397020155,45134599458,45637446460,8985375227

